	PD_whole_tree	chao1	observed_otus
Sample.40.2	141.13099	2800.17086331	2295.0
Sample.40.1	188.47621	3768.026538	3187.0
Sample.103.2	247.60384	4862.64037123	4378.0
Sample.15.1	121.5849	2776.94787645	2306.0
Sample.39.1	239.35424	5052.97493036	4313.0
Sample.39.2	174.5279	3311.15384615	2823.0
Sample.46.1	247.95043	5208.5027027	4456.0
Sample.59.1	67.89413	1537.68604651	1290.0
Sample.55.1	168.64329	3136.40825688	2604.0
Sample.56.1	102.90826	2071.37724551	1621.0
Sample.8.2	342.3846	8207.30237826	7025.0
Sample.86.1	187.2192	3915.86436498	3311.0
Sample.55.2	136.25926	2959.60606061	2330.0
Sample.107.1	119.25646	2550.84356436	2156.0
Sample.62.1	69.54358	1372.71129707	1133.0
Sample.63.2	170.36914	3461.6834925	2911.0
Sample.96.2	196.41161	3861.04953917	3345.0
Sample.52.1	214.08769	4443.7107943	3809.0
Sample.52.2	162.09663	3110.75738725	2577.0
Sample.45.1	264.92809	5738.60728118	4926.0
Sample.45.2	266.77232	6069.22662174	4948.0
Sample.37.1	76.65671	1226.45528455	1038.0
Sample.83.2	185.40374	3606.22222222	3066.0
Sample.83.1	157.878	2906.89450223	2518.0
Sample.37.2	89.29691	1674.67823344	1381.0
Sample.66.1	117.15939	1948.50742574	1636.0
Sample.66.2	140.38894	2574.8125	2135.0
Sample.6.2	146.23025	2724.92281879	2333.0
Sample.80.2	149.92456	3007.36044657	2557.0
Sample.80.1	127.22916	2310.12691466	1909.0
Sample.100.1	262.68274	5297.96043165	4789.0
Sample.19.2	198.01676	4092.10526316	3524.0
Sample.96.1	162.24677	2977.46919431	2564.0
Sample.2.2	202.51051	4064.14575412	3399.0
Sample.19.1	179.43617	3540.375	2966.0
Sample.73.2	234.7243	5284.91957105	4535.0
Sample.46.2	178.68449	3415.09952607	2776.0
Sample.35.1	260.41118	5680.82635659	4976.0
Sample.35.2	356.63951	8112.01081917	7135.0
Sample.22.2	148.76161	2852.41176471	2311.0
Sample.24.1	174.43597	3454.73138686	2872.0
Sample.7.1	218.05577	4607.27899687	3900.0
Sample.24.2	215.9804	4596.72519084	3833.0
Sample.7.2	225.0755	4923.9219935	4093.0
Sample.70.1	196.78234	4166.67539267	3590.0
Sample.38.1	228.15884	5114.98885794	4349.0
Sample.75.2	145.64515	3077.14942529	2591.0
Sample.95.2	200.91153	4221.5430622	3509.0
Sample.20.2	116.441	2330.25934066	1918.0
Sample.10.1	166.3116	3703.69457364	3044.0
Sample.33.1	132.50881	3023.90842491	2456.0
Sample.33.2	148.3803	3463.42396313	2853.0
Sample.86.2	186.90379	3988.56670468	3456.0
Sample.61.2	157.07778	2632.32915921	2248.0
Sample.61.1	118.62283	1729.6882793	1505.0
Sample.87.1	69.0119	1342.81272085	1127.0
Sample.58.1	162.81724	3357.36315087	2921.0
Sample.98.1	118.46929	2249.47540984	1863.0
Sample.1.1	181.98864	3720.86977887	3215.0
Sample.58.2	141.16165	2949.00487013	2562.0
Sample.72.1	106.93002	2160.31969309	1777.0
Sample.6.1	181.8088	3942.05494505	3310.0
Sample.29.2	88.8129	2039.31122449	1770.0
Sample.49.1	150.31367	2775.66027875	2307.0
Sample.63.1	115.11524	2282.47303922	1878.0
Sample.2.1	280.13328	6160.08644689	5311.0
Sample.79.1	131.48046	2756.60153846	2443.0
Sample.95.1	181.37356	3572.28016086	3036.0
Sample.90.1	135.64301	2742.38602941	2313.0
Sample.25.2	197.49356	3875.03650587	3229.0
Sample.38.2	180.16984	3850.71604938	3214.0
Sample.17.1	212.51262	4472.14705882	3877.0
Sample.28.2	163.22305	3377.43906511	2664.0
Sample.30.1	312.9203	6935.94800484	6070.0
Sample.34.1	149.45819	3053.05882353	2581.0
Sample.31.2	92.74863	1856.29591837	1420.0
Sample.54.1	164.41832	2873.91566265	2518.0
Sample.41.1	179.529	3658.87913486	3114.0
Sample.44.2	242.38403	5153.91113381	4262.0
Sample.53.1	125.58843	2188.01169591	1935.0
Sample.29.1	79.49344	1697.14423077	1449.0
Sample.53.2	144.55026	2756.84667802	2322.0
Sample.42.1	155.53921	3131.44805195	2662.0
Sample.81.1	195.07617	4130.96045198	3531.0
Sample.1.2	108.67006	2193.17333333	1884.0
Sample.76.2	112.48921	2149.65625	1792.0
Sample.79.2	79.15195	1371.56097561	1103.0
Sample.41.2	240.1151	5112.88223749	4283.0
Sample.91.1	163.11822	2986.40217391	2535.0
Sample.42.2	141.54128	2756.44874275	2294.0
Sample.77.1	127.85352	2377.56521739	1993.0
Sample.23.1	143.26251	2774.62403101	2266.0
Sample.81.2	191.01024	3655.43031785	3142.0
Sample.107.2	123.62205	2690.25157233	2137.0
Sample.98.2	118.81875	2456.81761006	2061.0
Sample.72.2	95.75258	1971.10969388	1640.0
Sample.69.1	98.9586	1700.61081081	1449.0
Sample.73.1	154.98429	2976.07248521	2565.0
Sample.57.1	202.58244	4325.39332659	3777.0
Sample.28.1	198.93164	4177.76760563	3519.0
Sample.56.2	117.69672	2241.02238806	1819.0
Sample.18.2	104.11242	1870.89776358	1485.0
Sample.11.2	135.16265	2663.66247379	2118.0
Sample.8.1	149.03037	3043.38517179	2464.0
Sample.76.1	95.85921	1708.88961039	1401.0
Sample.11.1	114.23071	2178.80263158	1720.0
Sample.27.1	112.57097	2341.617866	1867.0
Sample.9.2	152.89828	2931.29032258	2467.0
Sample.100.2	248.79432	5036.52945351	4566.0
Sample.5.2	100.6798	2040.3982808	1579.0
Sample.5.1	109.54568	2277.5234375	1867.0
Sample.48.2	175.90144	3592.62773723	3050.0
Sample.9.1	136.95056	2423.49478079	2019.0
Sample.13.1	144.3843	2778.49486301	2375.0
Sample.10.2	163.26504	3526.02362205	2896.0
Sample.91.2	151.73864	2708.29322034	2296.0
Sample.14.1	91.40537	1908.86119874	1509.0
Sample.14.2	94.83448	2185.55216285	1783.0
Sample.15.2	90.21471	1910.77848101	1516.0
Sample.3.2	196.77025	4151.19047619	3411.0
Sample.27.2	99.96322	1979.03278689	1616.0
Sample.90.2	122.74105	2326.63975155	1962.0
Sample.18.1	141.41475	2719.90149893	2202.0
Sample.30.2	193.44369	3976.85714286	3249.0
Sample.70.2	175.55961	3580.35773481	2999.0
Sample.17.2	221.08336	4636.70909091	3857.0
Sample.84.1	146.59157	2865.87064677	2439.0
Sample.49.2	92.36625	1598.38834951	1344.0
Sample.51.2	147.44108	2532.04379562	2140.0
Sample.3.1	198.27013	4188.0860077	3429.0
Sample.44.1	300.96801	6818.54867257	5847.0
Sample.34.2	166.53082	3764.99251497	3060.0
Sample.57.2	153.55047	2983.47310127	2552.0
Sample.84.2	128.94185	2351.57883817	1970.0
Sample.67.2	115.58245	1885.87032419	1618.0
Sample.77.2	145.64299	2938.16831683	2524.0
Sample.13.2	138.82823	2683.15979381	2264.0
Sample.65.2	93.72845	1796.5	1404.0
Sample.59.2	103.39609	2343.1594533	1998.0
Sample.47.1	131.76831	2671.56777494	2053.0
Sample.22.1	186.08866	4077.35416667	3311.0
Sample.108.1	90.83917	2080.03191489	1764.0
Sample.51.1	219.05067	4552.51552795	3847.0
Sample.108.2	96.57694	2223.16873449	1874.0
Sample.71.1	124.95106	2700.4	2216.0
Sample.105.1	75.68519	1448.55514706	1207.0
Sample.67.1	92.44587	1415.66666667	1167.0
Sample.105.2	99.09612	1965.39588689	1676.0
Sample.89.2	181.61366	3930.24256837	3354.0
Sample.99.1	83.19423	1592.46226415	1339.0
Sample.62.2	49.05924	982.00617284	802.0
Sample.71.2	117.38533	2242.35152838	1877.0
Sample.65.1	95.57845	1706.77744807	1407.0
Sample.74.1	113.6859	2612.6039604	2214.0
Sample.20.1	98.1755	1856.54046243	1538.0
Sample.69.2	94.04888	1574.68953069	1272.0
Sample.88.2	100.66779	2210.23076923	1865.0
Sample.25.1	189.16559	3770.02717391	3090.0
Sample.75.1	103.53208	2298.07586207	1966.0
Sample.48.1	131.88337	2572.33894737	2069.0
Sample.87.2	135.05919	2724.92898273	2210.0
Sample.89.1	107.66014	1954.7625	1629.0
Sample.74.2	93.03167	2048.11081081	1719.0
Sample.103.1	89.57569	1714.36697248	1444.0
Sample.54.2	125.87569	2461.98249453	1989.0
Sample.106.2	106.80724	2131.36387435	1763.0
Sample.92.1	70.67385	1518.72289157	1249.0
Sample.47.2	143.47232	2935.83196721	2337.0
Sample.92.2	67.94078	1387.46840149	1177.0
Sample.88.1	76.17441	1689.32094595	1366.0
Sample.23.2	115.40929	2032.11029412	1682.0
Sample.31.1	101.28318	1923.83094556	1549.0
Sample.106.1	91.61373	1823.64417178	1487.0
Sample.99.2	42.26997	770.377952756	626.0
